# ELECTRO_MAGNETIC_SIMULATION_SAVEFILE_V1
# CATEGORY | circuit
# CAMERA | 0.0 | 0.0 | 1.0
# FARADAY | 0
POWER | 153 | 1.0 | -178.0 | 220,60,60 | V | 12.0 | 0.0 | DC | 0 | 50.0
RESISTOR | 154 | 9.0 | 97.0 | 200,180,100 | 1.0 | 0.0
WIRE | 155 | -29.0 | -178.0 | 200,150,50 | 0.0 | 1 | 0.0 | 0.0 | -29.0,-178.0;-301.0,-178.0;-301.0,98.0;-32.0,98.0
WIRE | 156 | 31.0 | -178.0 | 200,150,50 | 0.0 | 1 | 0.0 | 0.0 | 31.0,-178.0;295.0,-178.0;295.0,99.0;49.0,99.0
TEXTBOX | 157 | 2.0 | -234.0 | 224,224,240 | 按“开关” | 100.0 | 30.0 | 18
TEXTBOX | 158 | 511.5 | -40.5 | 224,224,240 | 闭合回路磁效应：闭合回路中通有电流时，周围产生磁场。磁场分布与回路形状有关（直导线、环形、螺线管等）。开关断开（OFF）时，回路中无电流，磁场为零；开关闭合后，电源电压 V = 12.0 V 驱动电流，回路产生磁场，方向由右手螺旋定则判定。动生电动势与感生电动势均源于磁通量的变化，此处为通电回路的磁效应（电流激发磁场）。 | 300.0 | 200.0 | 18
