# ELECTRO_MAGNETIC_SIMULATION_SAVEFILE_V1
# CATEGORY | circuit
# CAMERA | 0.0 | 0.0 | 1.0
# FARADAY | 0
POWER | 41 | -1.0 | -202.3 | 220,60,60 | V | 12.0 | 0.0 | AC | 0 | 50.0
CAPACITOR | 42 | 130.0 | 74.4 | 100,200,255 | 100.0 | 0.0
AMMETER | 43 | -91.7 | 76.6 | 255,200,80 | 0.0
VOLTMETER | 44 | 0.8 | 163.8 | 100,220,255 | 0.0
WIRE | 45 | -31.0 | -202.3 | 200,150,50 | 0.0 | 1 | 0.0 | 0.0 | -31.0,-202.3;-237.4,-202.3;-237.4,78.9;-127.4,78.9
WIRE | 46 | -56.7 | 76.6 | 200,150,50 | 0.0 | 1 | 0.0 | 0.0 | -56.7,76.6;105.0,76.6
WIRE | 47 | 29.0 | -202.3 | 200,150,50 | 0.0 | 1 | 0.0 | 0.0 | 29.0,-202.3;223.9,-202.3;223.9,74.4;155.0,74.4
WIRE | 48 | -239.7 | 80.4 | 200,150,50 | 0.0 | 1 | 0.0 | 0.0 | -239.7,80.4;-239.7,162.3;-34.2,162.3
WIRE | 49 | 35.8 | 163.8 | 200,150,50 | 0.0 | 1 | 0.0 | 0.0 | 35.8,163.8;222.4,163.8;222.4,73.6
TEXTBOX | 50 | 13.0 | -256.0 | 224,224,240 | 按“开关” | 100.0 | 30.0 | 18
