# ELECTRO_MAGNETIC_SIMULATION_SAVEFILE_V1
# CATEGORY | circuit
# CAMERA | 0.0 | 0.0 | 1.0
# FARADAY | 0
POWER | 159 | -4.4 | -223.6 | 220,60,60 | V | 12.0 | 0.0 | DC | 0 | 50.0
SOLENOID | 160 | -2.5 | 30.6 | 214,150,78 | 140.0 | 25.0 | 50 | 0.0 | 1
WIRE | 161 | -34.4 | -223.6 | 200,150,50 | 0.0 | 1 | 0.0 | 0.0 | -34.4,-223.6;-211.6,-223.6;-211.6,34.7;-72.5,34.7
WIRE | 162 | 25.6 | -223.6 | 200,150,50 | 0.0 | 1 | 0.0 | 0.0 | 25.6,-223.6;161.2,-223.6;161.2,35.5;67.5,35.5
TEXTBOX | 163 | -12.0 | -284.0 | 224,224,240 | 按“开关” | 100.0 | 30.0 | 18
TEXTBOX | 164 | 457.5 | -80.5 | 224,224,240 | 通电螺线管：开关闭合后，电源电压 V = 12.0 V 驱动电流通过螺线管，在管内外产生磁场。管内磁场近似均匀且方向沿轴线，管外磁场较弱。磁感应强度大小 B = μ₀ * n * I，其中 n 为单位长度匝数，I 为电流强度。磁场方向由右手螺旋定则判定：四指沿电流方向，拇指指向管内磁场方向（N 极）。开关断开（OFF）时，电流为零，磁场消失。螺线管磁效应广泛应用于电磁铁、继电器等器件。¶ | 400.0 | 200.0 | 18
