# ELECTRO_MAGNETIC_SIMULATION_SAVEFILE_V1
# CATEGORY | circuit
# CAMERA | 0.0 | 0.0 | 1.0
# FARADAY | 0
POWER | 165 | -1.0 | -202.3 | 220,60,60 | V | 12.0 | 0.0 | AC | 0 | 50.0
CAPACITOR | 166 | 130.0 | 74.4 | 100,200,255 | 100.0 | 0.0
AMMETER | 167 | -91.7 | 76.6 | 255,200,80 | 0.0
VOLTMETER | 168 | 0.8 | 163.8 | 100,220,255 | 0.0
WIRE | 169 | -31.0 | -202.3 | 200,150,50 | 0.0 | 1 | 0.0 | 0.0 | -31.0,-202.3;-237.4,-202.3;-237.4,78.9;-127.4,78.9
WIRE | 170 | -56.7 | 76.6 | 200,150,50 | 0.0 | 1 | 0.0 | 0.0 | -56.7,76.6;105.0,76.6
WIRE | 171 | 29.0 | -202.3 | 200,150,50 | 0.0 | 1 | 0.0 | 0.0 | 29.0,-202.3;223.9,-202.3;223.9,74.4;155.0,74.4
WIRE | 172 | -239.7 | 80.4 | 200,150,50 | 0.0 | 1 | 0.0 | 0.0 | -239.7,80.4;-239.7,162.3;-34.2,162.3
WIRE | 173 | 35.8 | 163.8 | 200,150,50 | 0.0 | 1 | 0.0 | 0.0 | 35.8,163.8;222.4,163.8;222.4,73.6
TEXTBOX | 174 | 13.0 | -256.0 | 224,224,240 | 按“开关” | 100.0 | 30.0 | 18
TEXTBOX | 175 | 502.5 | -12.5 | 224,224,240 | 交流电路电容实验：开关闭合后，交流电压 V = 12.0 V 作用于电容器。电容对交流电呈现容抗，容抗大小 Xc = 1 / (2π f C)，其中 f 为交流频率，C 为电容量。电容两端电压与电流相位关系为电流超前电压 90 度。开关断开（OFF）时，回路无电流，电容器保持原有电荷（若有）。实验用于观察电容的隔直通交特性及相位关系。 | 400.0 | 180.0 | 18
