# ELECTRO_MAGNETIC_SIMULATION_SAVEFILE_V1
# CATEGORY | circuit
# CAMERA | 0.0 | 0.0 | 1.0
# FARADAY | 0
POWER | 176 | -1.0 | -202.3 | 220,60,60 | V | 12.0 | 0.0 | AC | 1 | 50.0
AMMETER | 177 | -91.7 | 76.6 | 255,200,80 | 0.0
VOLTMETER | 178 | 0.8 | 163.8 | 100,220,255 | 0.0
WIRE | 179 | -31.0 | -202.3 | 200,150,50 | 0.7639422319410948 | 1 | 0.0 | 0.0 | -31.0,-202.3;-237.4,-202.3;-237.4,78.9;-127.4,78.9
WIRE | 180 | 29.0 | -202.3 | 200,150,50 | 0.7639422462597993 | 1 | 0.0 | 0.0 | 29.0,-202.3;223.9,-202.3;223.9,74.4;155.0,74.4
WIRE | 181 | -239.7 | 80.4 | 200,150,50 | 1.1999976959968055e-06 | 1 | 0.0 | 0.0 | -239.7,80.4;-239.7,162.3;-34.2,162.3
WIRE | 182 | 35.8 | 163.8 | 200,150,50 | 2.3999974874730084e-06 | 1 | 0.0 | 0.0 | 35.8,163.8;222.4,163.8;222.4,73.6
INDUCTOR | 183 | 118.0 | 74.4 | 150,200,150 | 50.0 | 0.0
WIRE | 184 | -56.7 | 76.6 | 200,150,50 | 0.7639422339773329 | 1 | 0.0 | 0.0 | -56.7,76.6;78.0,76.6
TEXTBOX | 185 | -1.0 | -261.0 | 224,224,240 | 按“开关” | 100.0 | 30.0 | 18
TEXTBOX | 186 | 532.5 | -0.5 | 224,224,240 | 交流电路电感实验：开关闭合后，交流电压 V ~ 12.0 V 施加于电感线圈。电感对交流电呈现感抗，感抗大小 XL = 2π f L，其中 f 为交流频率，L 为电感量。电感两端电压与电流相位关系为电压超前电流 90 度。开关断开（OFF）时，回路无电流。实验中可观测电流（A）和电压（V）的波形及相位差，验证电感“通直流、阻交流”的特性（对交流呈现高阻抗）。¶ | 400.0 | 200.0 | 20
